0.5959
9.9803
8.4959
6.4955
34.2589
311.6549
0.0490
0.0554
0.0620
0.0690
-0.0005
-0.0008
-0.0007
-0.0013
9.6938
9.8868
10.1581
10.5916
0.0488
0.0674
0.0799
0.0877
0.0989
-0.0011
-0.0013
-0.0016
-0.0017
-0.0020
9.9114
9.9113
9.9864
10.1897
10.4221
2.6952
0.3323
0.3611
0.4799
0.6433
0.0148
1.28
-0.0026
-0.0747
-0.0001
-0.0688
0.0000
-0.0595
-0.0001
-0.0624
0.0000
-0.0392
0.0112
0.4043
8.9736
21.0551
26.1932
45.8533
13.9753
4.8883
10.9044
16.2296
19.6857
18.4466
5.7585
86.2776
10.6749
13.5150
4.8663
28.5904
0.0000
5.0872
7.0516
7.0166
10.8640
9.5935
-13.9762
-2.5834
23.6025
45.2488
61.4983
8.8273
83.3019
2.4062
12.5110
3.6724
4.3327
0.0000
-0.7620
0.0963
-0.0025
-0.6861
0.0996
-0.0020
-1.5483
0.3
22.2506
21.7559
24.3652
23.2607
-10.9144
-10.9140
-10.9285
-10.9439
-10.9588
