301.5445
57.3595
57.3595
17.3656
17.3656
66.3665
66.3665
0.0529
-0.0012
9.4822
9.6358
10.0558
10.4458
0.0635
-0.0013
9.4551
9.6371
9.8054
10.1379
10.3943
3.8958
-0.8054
-0.6549
-0.4480
-0.0926
-0.0283
51.8700
38.3885
850.5489
7.2600
7.3269
0.7824
0.9412
-0.0023
-0.0875
0.0004
-0.0885
0.0007
-0.0883
0.0008
-0.0589
-0.0003
-0.0396
0.1157
0.9037
12.2542
17.8522
22.2458
43.8854
15.5145
-3.2554
11.8144
14.4414
15.7427
13.8574
7.5475
125.8554
6.8551
20.9658
2.1148
20.8657
2.7885
4.3552
4.9556
6.5841
3.5588
-20.5841
0.00
33.5844
54.7589
58.6952
17.8544
92.5884
3.8557
14.5880
0.00
-0.4566
-1.2489
-1.1257
612.2500
108.7552
791.3645
783.2600
-0.5151
-0.8147
-0.7456
-0.7236
0.8796



